107
525
711
351
659
372
372
557
799
957
394
548
318
289
377
356
490
612
229
84
209
938
760
691
819
572
200
992
357
99
626
395
686
620
215
780
544
533
990
970
241
103
283
294
307
748
735
345
984
123
79
2
274
849
33
589
17
59
12
209
662
961
415
633
105
181
446
133
574
268
632
329
117
828
332
551
842
471
821
209
210
982
484
457
823
106
797
732
229
711
700
508
974
267
338
862
387
325
2
804
997
953
737
347
19
547
646
55
604
841
445
21
519
630
314
794
161
60
653
674
991
883
329
427
877
63
817
611
910
814
797
15
868
683
137
183
891
620
943
374
777
499
111
230
80
379
755
347
24
856
432
950
191
100
506
101
386
352
903
857
936
48
518
824
676
346
593
444
796
744
721
212
281
644
946
570
486
252
535
125
187
894
590
7
68
301
615
498
558
460
105
790
82
602
470
118
718
623
328
492
687
559
556
570
771
197
78
459
911
609
229
200
164
829
816
47
751
60
657
650
185
740
97
52
620
157
428
617
952
914
958
830
868
344
798
278
409
405
491
759
419
219
653
173
433
109
189
717
720
361
102
724
27
31
245
497
638
337
552
409
146
947
28
250
995
252
881
770
857
5
633
88
660
794
703
82
747
975
485
649
343
61
809
418
347
966
80
967
879
637
243
878
38
472
313
456
612
378
13
76
212
525
417
204
936
381
124
193
594
155
176
387
339
424
639
795
683
200
823
213
440
961
747
776
330
964
213
136
150
691
480
526
914
748
379
157
137
205
131
208
662
168
895
227
550
889
538
752
769
414
628
739
2
854
858
151
767
221
592
658
91
31
116
814
530
482
749
906
805
666
556
825
215
559
201
913
166
769
457
783
614
79
574
264
435
268
912
187
61
531
707
374
105
949
297
238
974
329
225
627
300
267
544
411
180
895
583
637
36
16
964
449
194
156
670
422
659
794
324
364
892
976
277
620
449
334
477
621
820
142
126
712
408
688
245
93
758
769
455
575
824
756
404
142
220
397
851
364
252
433
518
763
980
425
951
876
731
249
658
690
685
572
5
769
496
482
126
137
653
29
700
120
850
760
664
855
446
577
981
154
140
593
998
62
244
473
535
911
446
935
383
471
153
521
37
390
283
377
264
638
305
546
587
574
553
666
713
410
822
728
852
840
372
784
117
238
877
37
535
635
212
967
509
51
311
685
630
311
146
740
213
988
354
520
318
762
959
291
293
232
805
212
953
455
116
465
698
172
807
528
383
481
995
634
203
422
985
249
352
788
45
348
372
715
15
337
556
189
978
90
230
42
587
571
931
941
660
730
181
734
930
144
669
562
652
327
177
104
733
957
700
526
828
80
686
411
169
242
357
805
411
695
124
695
96
445
131
227
644
548
551
238
414
573
451
668
391
847
455
985
156
808
329
443
462
297
177
500
736
438
242
316
105
844
421
110
299
731
823
226
827
62
567
987
162
600
177
881
771
402
606
250
518
827
127
372
268
159
648
239
836
682
122
105
870
679
347
41
598
580
673
528
627
825
837
189
48
961
757
424
10
607
509
985
123
829
607
434
687
305
440
482
629
993
373
539
560
752
669
303
431
705
345
174
506
492
978
115
982
719
497
504
674
951
357
39
11
119
976
891
277
479
747
918
243
945
763
900
920
792
236
848
671
538
357
725
352
664
452
335
77
891
932
547
916
329
116
397
725
560
906
529
950
834
536
68
541
834
293
987
814
863
439
923
230
70
231
116
407
812
502
88
948
588
991
192
544
46
372
873
778
273
462
274
44
698
319
50
892
517
354
280
994
972
214
146
523
550
111
338
262
817
677
606
949
179
529
759
718
813
949
581
418
634
635
576
173
734
921
281
400
106
267
475
28
535
577
428
168
785
835
529
396
199
843
25
934
519
330
320
485
447
749
767
933
578
113
562
147
319
13
314
673
504
47
716
139
74
321
50
51
72
173
808
642
885
407
777
264
26
642
859
247
708
990
745
43
297
281
344
356
701
507
764
286
872
638
899
672
282
317
122
29
730
356
743
952
444
89
662
267
137
874
648
986
227
432
657
739
241
146
714
312
535
164
78
89
161
912
832
555
266
982
589
230
104
241
886
398
619
922
545
7
782
593
335
111
44
377
249
286
415
716
447
881
581
518
538
128
44
902
75
372
1000
275
459
749
330
915
468
939
491
481
120
588
449
296
321
613
609
211
328
380
318
623
538
582
312
420
255
492
57
103
869
291
636
468
109
188
567
90
476
353
619
119
452
545
113
477
220
