6606
4007
2861
9302
7757
4
7196
5888
1518
4072
7563
477
5
3687
4404
7668
367
9431
2145
4977
5113
9464
2710
9803
1070
6900
6802
4134
8687
9847
1955
1097
6088
3969
6568
4179
6353
6249
4458
1690
9682
3844
5117
8212
1690
8214
9923
5145
7778
7353
1203
8872
3133
5228
1880
5098
643
3405
1276
4660
4558
4138
9079
1
2645
4629
1347
5263
3143
9158
4594
280
1418
6021
1633
4372
9845
1944
2638
8957
3050
473
8313
4899
4824
8092
3095
1457
4976
2847
8061
3824
1206
4339
2059
6122
2747
7531
6294
8994
5305
7091
3482
4978
2190
2402
5440
9397
268
1202
7293
9670
1600
3504
9227
9529
1730
5007
2620
424
2092
6578
1291
1248
5183
7290
5798
5710
7986
3324
3817
6340
4285
6663
3932
3856
9813
3892
2641
2095
4728
8879
4486
2606
8428
4101
242
6529
6898
7790
9805
5528
2369
6125
4576
2158
3472
8086
4896
3155
5076
8368
6869
2173
268
8282
144
363
5528
4339
5420
6874
9265
5044
4515
9532
6421
1793
964
805
418
5441
9236
3975
9605
2121
8676
7377
2867
8384
881
2067
312
8126
8945
5893
9405
614
1548
1001
4624
4998
9273
8207
351
7404
139
1431
3588
7979
8780
4556
40
6287
9657
4959
8881
909
3821
5025
6126
8095
2210
805
645
5470
4085
5269
2122
8881
1738
7652
3043
6229
241
628
7033
845
8279
2969
290
7004
2687
8350
6093
6912
9506
6886
1469
5170
9093
1589
1978
5387
1499
1409
5380
3450
7946
899
4809
3795
1234
9714
9081
8569
7675
9810
6025
6815
14
6329
7541
7852
3927
50
3801
4925
1385
4614
8225
528
4115
6391
6191
4990
1058
2367
6173
1448
8423
3449
8131
7093
7482
7501
8924
7194
1471
8722
1077
556
3352
1839
3173
1378
9819
8658
3731
8958
358
9445
2356
1710
1824
1582
7732
9886
2897
6919
5335
7328
6724
9181
1488
1534
2092
8844
1106
4687
7606
5930
7446
2793
1534
7347
5676
5847
3764
7702
1349
8667
7343
7437
495
6388
5698
9378
9842
1315
415
9216
4764
2523
2906
2729
7480
9208
1904
2487
6517
5505
4295
5604
819
816
9190
4381
3120
9698
4169
1844
4693
7498
4030
5557
6091
4107
9764
364
1730
4310
9477
8165
4242
4176
4800
483
5747
9384
2380
1925
3931
7048
6906
1974
1158
4633
5115
917
1467
3244
5522
5813
5004
1622
3498
5525
7710
9051
4123
722
6874
4927
7337
9115
3138
1304
782
5509
1896
664
1450
8800
12
8587
7512
4874
5461
3580
562
6915
4563
1436
5623
9937
9490
9301
220
5509
1808
8347
9425
1165
1954
245
6486
3867
1476
4795
2541
5398
5809
2672
3969
5039
5474
1266
2568
6967
8394
5247
3717
1551
305
9403
2817
1840
5166
8751
9435
7357
7195
5460
9629
773
692
8369
801
3437
8864
1248
7844
3342
564
3287
1722
3482
7220
9174
6306
981
1659
8253
4155
449
5548
4144
5991
3051
9482
7517
6703
7669
7797
6797
6471
6995
7238
5658
1092
825
5566
3600
9467
900
746
1414
7883
8953
1737
8271
734
780
5696
6700
9452
8450
1198
68
113
6856
1388
1399
1120
2261
5431
639
536
1805
8322
2265
630
2712
1429
4962
9035
1394
5210
9749
863
2724
7866
4692
9477
4756
9683
4021
273
6840
3277
1759
7928
7680
6877
1684
7639
5093
4265
5442
183
5549
5566
9365
1311
4992
1422
5855
5946
4815
8782
9243
459
2516
2335
3678
8398
2437
1530
1903
8049
8893
1234
5672
1027
2780
2373
1757
907
3181
8051
4301
4316
1401
3170
6391
264
8315
8401
1439
5683
5683
5020
1872
1705
3567
9760
644
2210
3415
7887
7522
2836
1559
8565
136
3242
9475
1340
7722
8037
1685
3965
2185
688
2603
8536
6566
8776
1471
7574
8745
4267
6887
1757
3406
5488
9262
1572
8415
3400
114
9672
7384
4387
6544
9422
6422
22
684
7673
9474
7531
4982
1534
1469
2058
6297
567
1371
2295
8006
9269
7749
5500
1377
7257
5098
7928
4970
7092
4455
3304
5022
6542
3479
9381
6462
3076
443
1822
4929
2310
2397
4823
2198
7104
7474
34
8621
1366
8846
1502
7911
8933
300
2029
474
9592
4767
2074
5273
6297
8099
8266
4531
1352
1591
1426
8683
1153
9983
7946
8025
7689
1204
7809
3375
3209
1855
1233
9614
5614
9750
2932
3161
4368
2886
7046
26
2801
8482
2365
3973
5977
1627
711
9562
6768
5761
6595
7022
7627
232
5475
6924
6683
8863
5775
3303
9202
6445
8350
9380
8423
1404
1121
2182
1260
4938
1520
7018
9662
3342
5705
1316
8044
6424
838
3865
5884
1053
6815
4511
9899
9329
4799
3106
1971
6597
475
456
2322
483
161
8087
3641
9383
1997
7077
7650
2225
2498
8496
1685
7465
8695
9536
5068
4050
463
2330
6069
9090
2014
7862
9417
1744
9625
1955
2203
6655
7821
2521
4931
5082
7682
7039
2155
3056
1185
4702
9465
691
3108
9878
4655
9995
3790
1775
1967
3472
875
4371
6195
1448
3512
8539
1052
2126
1430
615
1993
7844
7883
9169
1739
1530
3546
4836
8055
2815
5700
8361
4987
3687
8719
1106
7556
1101
4214
5931
479
2763
7745
542
8334
4569
2326
1686
6494
2530
544
134
7463
1693
3199
3754
5347
8522
8160
5678
6931
4539
559
7806
4846
1973
3546
6030
3643
1975
1816
6347
1298
5707
1753
1457
1598
4842
3631
7199
853
4117
2302
1624
9003
3521
3232
1611
7939
1091
5245
6597
5880
668
3865
4773
7563
8182
5117
3025
7678
4832
906
9351
6400
2423
4124
566
1066
2454
2300
5886
6058
3758
3656
6261
205
7977
1607
4524
2355
9980
1831
225
7965
1899
7258
7446
6778
9586
1505
6066
7619
145
4423
4951
1187
5975
4929
1380
3323
1379
2900
539
1925
7430
1031
821
1703
6893
1643
6261
1018
7806
2728
6491
524
9952
2698
3226
8483
3632
5789
7499
5699
7713
532
2371
642
8532
4784
1315
8153
1081
4159
398
3389
1285
8002
7681
7328
1428
820
1502
7010
4592
8824
3689
6859
338
5682
3191
6558
5177
8201
9731
2886
7289
4331
51
7636
7974
9313
9546
5148
353
8965
9456
508
578
4850
9279
9647
999
6314
9679
225
2235
1550
8484
1780
6826
4793
5942
4466
8180
5677
2466
1652
5185
5075
8415
162
5748
5757
3619
7100
707
9903
2615
8456
6277
6237
3657
8269
1581
2230
9440
1216
8342
8418
9301
1597
1440
3847
992
6328
9546
9538
2080
7668
1504
8948
8799
8564
1783
9131
9445
5536
7446
2020
6765
1994
8455
1837
1685
8770
9103
2367
3113
5655
1322
4716
5698
5823
5531
821
2603
8616
5282
3343
6709
3647
9070
9063
7292
8306
2342
7764
233
6257
9667
8988
5240
6538
1824
170
4301
2694
1588
9150
2243
8797
831
6276
69
1009
3171
3386
3185
7386
4341
2269
5625
1037
36
995
3660
7203
6634
7759
9253
3799
4721
6944
3362
9856
4039
1994
6343
3088
9781
233
3124
3788
5628
7779
4869
6909
4993
6142
2664
2118
7547
6499
2628
7254
2042
1713
2424
6496
2971
4068
3682
8666
8217
8951
2897
4836
4629
2455
1645
41
985
202
2965
8890
6346
8913
921
313
4349
7850
186
1875
3131
9529
8191
1218
9287
7879
9017
1474
2608
2187
5224
5634
2322
2233
2063
9485
4994
6168
710
4074
7993
5033
8191
7488
3792
8212
9115
3982
6686
4197
8574
8074
1198
935
1776
585
5924
319
3621
5311
3137
2621
3951
5446
4693
942
1059
4164
9477
2134
5802
9977
157
5932
9976
2550
8951
9222
5938
6644
173
3335
7100
5555
4795
838
6752
7282
969
5089
2870
1839
631
257
2768
352
2314
4463
3765
7121
7062
1592
3089
8510
5084
2733
410
468
1911
7102
5174
4067
9537
7577
9787
5974
8843
9901
3784
3670
6157
4099
9842
4476
266
4991
1873
4102
9352
804
8813
8956
5838
1862
3267
1939
1407
500
3564
7217
167
9253
4511
2450
2227
3393
7109
6107
133
9332
1902
4685
1480
4495
6835
8988
9089
7264
5372
3649
4839
7667
1283
5389
2373
6344
936
9566
1549
5687
2725
1127
1391
9154
6165
571
7786
9722
5985
618
3938
6420
204
159
9027
7580
5360
1801
9861
3595
4663
5753
3297
9686
7167
27
4034
6215
9688
5593
655
1680
7631
8412
2360
6365
720
2100
5711
6889
2551
2058
6330
8996
3384
5268
838
4355
8913
8921
1678
1048
1212
7605
4731
8420
2745
3295
6670
426
2555
6794
429
7094
1
409
2794
8222
6056
518
4826
456
9392
4260
9092
8204
6204
83
2744
9979
9134
1476
3811
7232
7618
671
1248
5125
7977
9041
8000
2314
1561
3145
9134
6402
2467
805
1516
5374
3958
8041
2210
7374
3842
2784
8649
5733
9023
4485
4370
6540
7950
1252
5708
5834
6545
5149
4902
7986
3735
697
7617
7453
2634
6128
7754
2075
2413
1178
295
9012
736
2852
432
8755
6918
7238
3296
6581
7801
1554
6363
8591
972
6848
3154
1086
720
9976
7077
6578
3947
6815
8057
4734
8999
8725
8298
2441
9207
5454
2
6408
8303
4641
4155
944
8852
2349
1506
6295
5794
1410
4860
9306
7485
7519
413
532
4009
5592
1878
2942
7918
3834
959
9122
2246
9890
6566
1060
7593
2682
4454
2611
4172
1830
7996
4444
6325
735
6390
6496
161
141
2557
9863
1530
2106
2548
9493
4803
1172
5505
8812
9702
548
907
3363
4033
7309
2149
1189
5371
4262
6571
8748
5917
7116
5898
3919
7999
130
5701
6586
7056
7034
3173
7294
3595
7337
3104
6600
2630
7398
4109
4550
9805
8099
8823
9048
8846
5711
7360
1939
8486
2250
9448
3723
9484
3627
4526
962
8988
623
4598
9276
2071
1187
5916
1094
3384
7828
7496
9334
4314
8148
403
5748
713
8288
4104
9
4007
3023
3838
3190
7632
1054
822
5289
8111
7066
9872
2396
3618
7422
2882
591
9788
7662
6555
3223
7049
2242
5781
182
5047
7111
8122
2156
5828
2498
9721
1694
7970
1447
1480
679
7186
1897
3068
6205
640
8035
3415
3669
2667
854
529
7097
5928
260
9114
4265
2727
8204
2655
7712
86
8407
9259
456
8836
4467
4352
96
953
3613
5670
2605
3509
2197
1506
5311
7046
9708
7659
9926
8893
9137
6618
1444
1811
1517
8640
4501
2232
4619
5757
8268
285
3196
9597
7024
8803
4121
5781
3447
7075
4730
1119
1329
9407
1720
5026
1992
6296
8462
1670
3238
1506
4533
406
4056
3285
5472
1206
1138
6598
6581
9063
4275
9333
5837
409
6858
9544
2669
1969
7129
7752
438
795
4441
4138
4283
8226
1711
1264
9409
7229
5373
8929
8267
5788
8668
103
4902
6676
3848
1607
3234
6726
8700
3751
2195
5063
5728
6859
1975
5515
8768
7232
7881
3156
8159
4476
5429
346
7708
7653
1933
2683
2260
3266
8379
4069
2328
6543
6856
400
3696
1189
4380
3074
591
121
5175
6878
2489
7460
1791
3661
2067
8131
8475
3215
8394
2575
9216
2499
3767
1231
1385
7397
9522
4141
5261
1192
5396
8023
1580
1525
8673
9559
7705
4306
4005
8933
5343
2966
6766
2810
1453
1052
8507
3129
6835
9783
755
874
5890
3205
2521
598
4623
6230
6943
2090
9960
510
6009
7253
8058
2985
9235
6308
7715
1263
1845
2433
307
4233
4038
8056
8184
9747
8415
7738
1850
4385
2241
9956
5284
1159
4377
9954
7237
596
4003
6865
3110
7247
8382
2547
5084
3205
4462
1318
9568
2193
4791
1239
6413
9837
2249
323
8793
903
9895
3070
8376
2344
2316
7927
2350
6929
3056
9100
3556
2935
7111
202
5997
9570
7275
5048
9112
4400
1435
8148
8008
2751
6836
1566
8739
2730
9039
3188
744
1395
4363
3069
5541
5538
4605
3802
9928
5725
2821
5130
2180
3945
6834
3053
9494
1983
760
1499
3640
2579
3089
4038
8437
465
5283
9693
3870
1353
673
9443
6621
9965
3780
4511
8441
1335
5195
1349
7673
2929
1248
6277
4908
5343
8973
50
9592
7471
7454
1478
898
6469
361
3748
5838
3040
748
7502
4358
705
1414
8328
5824
4461
6185
9773
3675
5361
8798
784
5899
8565
1993
8069
582
9876
5182
2274
173
2586
9284
4624
9087
4127
2810
2950
5850
5588
1624
6936
7027
6811
4150
1068
8408
1212
162
8525
9349
2565
5358
6003
2804
4530
953
8867
8472
1309
2351
1091
7467
6824
1491
8945
678
1864
2460
9300
930
2324
5149
8307
4669
1183
1466
8101
2319
114
2072
8809
3997
621
8980
5654
3405
2895
8407
8165
4891
7205
1528
3246
60
4319
9858
2513
6881
7017
5495
9671
1422
409
806
1991
1579
9124
8409
780
2315
9542
4354
4263
1500
6529
7927
2066
3374
3141
6875
9989
2119
610
3455
236
9958
6618
713
6232
7638
5178
7796
4613
8326
6106
2456
1196
3559
9731
5883
5210
1045
1441
5528
8593
7865
7241
159
2317
734
6620
7726
9498
9476
1132
3038
4
449
4367
6464
9374
8862
2962
2170
2199
6689
5856
3437
7498
9607
355
2793
3942
1813
698
9123
8333
4446
1804
6101
7168
8631
9323
103
6379
1177
9404
4877
5245
1015
3927
64
8507
3505
6314
2818
5878
4984
6274
1468
9769
5764
6605
2202
1511
1970
2378
1978
5621
3025
1986
2032
3828
2559
187
9230
1458
9551
8778
7730
4033
719
761
5008
8568
7719
8361
9170
9384
1268
314
6509
2482
1269
648
8566
8903
9525
2344
2549
2656
6891
3348
9465
1487
3135
19
8107
8390
9054
1933
55
7495
3744
7741
873
4555
4695
7096
4820
134
4251
1101
137
2939
5172
2909
1574
8013
375
477
5997
6
8068
5242
6838
1323
4399
1500
5815
895
6718
7038
4467
4902
2163
5149
2241
7069
8059
462
7519
4761
6693
1941
3399
6813
1415
4836
5073
1025
4462
225
1864
1071
2852
5275
9521
2654
1671
254
1977
5525
7
1588
8815
7512
4864
7902
5314
9543
8473
196
252
3576
7548
8010
4495
7073
9287
6132
9839
3802
690
5211
4705
3779
3507
2080
4273
9554
3694
3776
3994
7200
6193
3032
6802
3028
4159
8331
1300
5471
2570
7362
1858
4410
5350
6355
1098
2285
5740
3062
808
8658
9245
6467
7917
2730
3800
5312
319
8078
1566
6970
3649
8136
2979
8146
132
3906
4711
3402
7485
9487
8486
207
6409
8777
989
9737
2495
6619
1998
7377
5381
4352
3733
6899
2678
7052
700
2884
9346
7962
8733
2149
2198
8917
2342
9193
6365
6282
769
4723
1703
749
3092
1844
4906
1868
471
20
2982
1538
788
4622
5117
7165
116
9585
707
1473
3751
9267
6130
5389
9300
729
6977
2959
4994
4997
1062
9972
5
4079
2330
9555
4766
2568
2508
3627
3228
3706
2936
9641
808
4132
1273
4287
6704
9477
9804
6321
7393
7190
6216
1297
4186
2605
1403
3742
383
7103
1174
2313
4139
2358
1052
3496
7850
2004
4071
3214
2742
246
3276
3594
2256
7964
9264
2127
9698
8936
8314
1988
8642
7637
3770
301
7737
8474
9435
3114
2228
9151
582
7087
1083
6159
5639
8532
8193
799
8611
6237
380
8190
1002
6124
6837
7501
1434
9077
7649
497
5124
4467
4945
8151
2659
6233
1111
4743
42
220
1915
1964
92
8991
2797
8419
1634
687
3147
7858
4841
1984
2629
6267
8123
8327
2223
9616
2591
4441
6999
8569
7971
2580
8024
1765
9208
2141
3357
2461
9342
5338
8938
1231
5746
241
4664
2249
662
1585
8800
3108
5632
4495
3866
5076
5493
4131
7590
2205
6168
7812
1002
9432
6829
753
1101
5302
8371
7522
8643
84
7393
3278
4922
5359
9440
6734
8885
8170
6586
2914
9975
270
9089
4258
819
8162
1747
7528
3617
2491
828
6924
1875
5077
3292
3472
7833
3843
4795
3854
9025
5171
1403
2750
1299
6549
5533
3580
1084
8574
422
4730
234
1320
9171
977
9800
5404
1594
878
9721
4883
6627
1499
346
6601
1191
8059
4451
1795
5592
1834
607
8226
6354
1460
5469
2489
5313
7877
3701
6028
2658
7153
4639
2025
2302
3573
7776
9627
7524
3837
1286
8652
6086
7703
567
9739
8743
200
7621
751
6499
3071
8452
1627
2240
9319
9103
194
9764
7632
7064
7740
2631
3135
9759
874
7370
1876
6836
8294
8104
4429
7968
255
5884
6458
4577
3172
3635
2881
5509
4398
1251
6691
1674
7923
668
2462
7074
2169
1262
8372
6620
2791
2988
3996
5361
8450
1888
6008
1421
3511
2446
3511
5391
1011
6861
2363
1234
4683
7939
7453
556
4681
6672
2735
7271
8773
3791
8163
5759
4709
1880
3771
2939
3205
1386
8352
8255
8058
5831
6999
1089
4787
207
4769
3450
9425
5090
6466
7280
2233
3200
8100
8402
1800
355
3228
132
8775
1536
9293
5803
2366
6154
5020
1707
2877
4327
420
1215
9561
3335
5099
7752
6276
7122
1956
8011
8865
5265
1798
4580
8422
5345
9070
6191
6978
1283
2177
1960
4401
7143
8788
1057
3486
7242
9759
8197
344
6093
14
8522
1080
8233
9770
3980
9538
9471
9961
6440
9882
7317
7841
118
489
2542
211
5339
8000
2600
4501
7885
9532
2701
2416
9640
4667
770
9308
8336
4318
9812
7016
424
8991
1283
6926
1923
8004
1311
8198
4842
5125
9795
3290
8765
3083
1807
6971
461
5369
2683
9874
2617
5456
9768
8777
8407
3533
6521
6971
406
2614
850
9672
1441
6229
4640
7230
8855
8051
8313
4453
825
2729
3717
8825
9443
5491
701
2094
446
8918
5763
1647
5989
2564
7058
7607
183
1501
6744
8036
7805
8760
8961
3528
4829
3986
8453
5026
7166
5158
8389
2108
7964
4623
7026
6038
7262
7178
95
2228
150
1199
1304
7924
2953
9728
2755
402
4832
5475
5077
5935
6286
5389
600
9727
7043
1712
8732
1106
9904
4982
5532
1845
1340
8222
4595
1274
4151
3943
5870
5781
1469
1323
8467
4953
9117
6622
3890
9794
5418
1686
2091
4388
2257
9773
2144
7780
4348
5412
9484
5477
1399
7819
2581
5479
7538
4735
8222
4555
2694
67
2752
9529
3963
9426
7802
9269
1368
1395
807
1248
6509
1855
3583
795
8942
9359
6672
1729
8977
6585
3342
2901
7706
8604
1848
9354
1876
1929
6637
658
7827
6166
1551
8617
9767
1133
4024
5555
5556
1306
8858
290
4176
8725
3979
3468
221
9004
8880
6749
6359
3285
2633
1818
3392
2450
4494
8182
8411
293
2728
5271
4069
3031
5315
2715
1450
1396
9842
6008
1575
1017
2244
817
3228
3297
7398
3776
2325
2667
1241
5312
1737
6288
9381
4346
6450
3572
526
2275
9934
6875
4613
1603
2133
8862
3171
9865
3084
7886
6594
3741
9978
2600
8476
4022
7209
5898
4888
1229
3839
4485
2305
1026
3550
8467
2538
126
2760
9131
6656
2009
743
4210
1806
8236
4011
964
3095
937
245
4836
5311
3850
3669
5536
74
2232
8399
9577
7194
1789
6771
6001
8403
4795
1741
2646
2449
2478
2250
5390
6748
592
9404
1395
7979
6812
7887
6817
2535
2405
2781
4733
1185
647
671
8409
5639
9534
582
1173
1987
1702
7177
632
9172
355
4991
8208
1921
3938
5503
4326
9675
6832
2150
3013
2034
7113
1529
4076
3323
8035
8204
1090
4641
4893
6898
9978
9850
6690
9045
1319
8331
5362
1769
1970
334
9810
6252
5562
690
3491
3761
1482
4852
2369
5021
209
4269
909
2289
2270
2300
2733
6601
8443
7494
9330
5076
9180
2395
1755
2278
6135
523
6376
9610
8246
2616
2561
1676
3371
5421
2103
2310
8115
7775
1675
25
5151
4676
9183
3710
2799
2386
8698
5725
2351
5720
7616
1358
4054
9043
2848
8575
5532
4250
335
4885
2333
8362
9142
8918
6860
9705
4424
4327
7353
7253
4823
3441
2725
7405
2135
3385
6
1507
3730
5904
2166
7760
8157
1480
49
8872
9227
6665
3215
7664
2049
9666
1742
2157
7386
9908
6740
4062
2620
3643
9731
7101
1947
1982
7150
9074
876
2330
107
1977
1229
5130
5498
8981
8579
6298
2789
8741
4675
9547
1143
7541
2773
5609
1394
7432
7958
9772
4748
3173
4237
908
7658
2752
8784
9400
8128
7690
6808
5609
9495
5579
7427
8434
8208
8911
184
1787
9769
1583
4112
8959
9533
5890
7443
2258
6384
8163
2656
7911
6412
4181
4338
4656
6485
1876
3903
8183
1924
958
2242
7246
3666
5714
5852
6818
2723
9543
3494
9045
3125
3648
5290
5371
2393
1646
8515
4277
913
8871
7810
9693
5515
1158
7202
1313
669
3763
1471
6787
3057
6277
5938
2544
8291
788
1168
5552
6953
1492
3780
7054
7938
1727
489
7992
1986
5138
2125
8681
2125
155
5347
4757
2401
9569
791
6885
4841
5476
2951
7940
4304
5207
1408
7464
6451
8060
5335
3109
5370
606
9994
1615
5624
7620
8661
302
9904
6389
857
4839
731
391
8330
8713
7367
7341
2280
2501
1042
7392
945
3105
2232
9004
1380
3086
3097
2559
1449
5001
703
6894
4768
9183
3310
280
3287
4517
460
7887
9279
5543
1459
1268
1585
5903
2805
9330
829
9944
7648
7662
5348
2483
4434
317
6727
2842
590
5399
2670
9940
3935
4522
5486
1336
4461
5362
677
6053
6222
744
8408
401
9839
7785
8303
7712
6595
1784
9278
7816
1514
518
4424
2242
9526
4257
5839
820
1466
2699
6687
8141
9844
2893
1516
2000
5484
2907
8280
4597
1853
1305
1242
9676
1572
5486
44
5956
407
8952
2451
2603
1369
6273
3732
5590
1611
2864
3557
5155
132
9427
626
1325
4227
28
7602
7456
7428
7961
8073
4110
4738
4537
1694
7682
2541
8763
5664
6722
1404
3705
1620
5914
2276
7478
2738
8935
6889
2339
3938
177
2868
1096
609
2716
3911
6417
1544
4640
5981
8886
398
1752
3285
640
1197
7689
3264
1481
9619
7604
3304
5844
7274
7245
548
1069
9897
5724
4281
1345
7484
4260
1668
3761
9426
8738
6741
6707
2054
2840
1470
122
8433
3419
9693
1207
4861
7018
3365
1887
6429
2160
852
7631
9115
2908
1600
3454
337
9838
963
2706
3917
1973
7625
9558
8863
87
8824
5242
1524
928
4399
1115
952
9279
7186
293
4248
877
8181
3238
1750
2687
4279
5492
3296
2638
9953
2658
3715
2198
6206
639
2171
9163
6478
5632
4607
8963
54
527
5403
1199
4378
2931
4029
1003
7245
3346
2900
2361
9384
4869
5766
5753
7609
11
7954
2989
5838
4480
8053
9689
9235
127
4864
7872
6904
742
5177
765
8583
761
1745
2767
6724
8874
2103
697
2374
8279
811
6920
4357
6660
7029
6662
1428
9771
4903
1167
4128
801
4208
706
5834
6474
2131
9722
6690
5888
6391
5166
9124
1072
6128
5398
3096
3862
5214
271
1636
4395
9956
9584
9589
9035
9692
6686
6270
3676
5176
6733
1567
8507
3100
2376
42
8521
5019
1458
1026
3686
5200
574
1877
6285
574
1213
8092
5057
7929
2070
9584
6230
5991
8810
8975
5731
7969
8600
1999
4166
4558
4366
2306
3336
4018
562
9691
963
3794
4944
8048
1761
3084
9669
833
9847
6325
1915
5416
1234
5954
1013
1793
9712
3787
9870
3820
6563
6141
9453
6736
2305
9744
1100
7906
4336
6312
5401
870
960
3471
4396
2230
3817
2659
2794
5473
438
1068
5402
1717
8946
7824
4150
7632
7698
202
1460
67
6355
9625
9493
9624
6086
9413
9085
1798
2793
2168
229
3459
9833
9978
4686
5449
4100
9373
2871
4604
3667
1706
6384
5515
5287
2139
6639
1956
9972
8539
9091
8301
8780
1131
472
832
5965
8695
1131
3127
4381
2136
9886
5593
8596
1227
269
2531
172
5970
6018
2523
6533
4361
1926
2737
3436
5868
8537
8950
8780
8550
3397
9281
5285
1741
2878
4320
1020
1933
9628
4604
9780
4066
3483
6433
2427
1578
722
7404
136
3562
9860
7317
8500
1600
9748
6719
4342
505
6940
5518
532
1972
8432
5641
3398
9830
4238
6767
8333
5455
9321
1886
2980
1405
6102
8930
1734
4607
742
1404
5408
8861
7989
2563
5960
7975
9922
9903
7807
1451
7680
7891
3027
4219
2301
7418
5656
4910
2513
4182
839
9269
2841
5269
1287
5968
1557
4293
2780
5875
2910
3273
717
5876
1036
1165
9466
4486
7639
7670
5870
1402
5325
2254
2065
5460
995
2062
6210
1020
7167
828
9475
2599
710
2456
2548
1333
7937
4754
4293
4620
9397
9166
8566
4213
67
8746
9265
8581
445
47
2187
8655
3178
6886
2071
6775
1164
1661
6988
3338
1936
9226
3800
6653
262
3024
7924
515
3762
3568
7465
2067
258
4337
307
1849
5952
259
9766
9692
3770
4464
8191
1568
1584
2788
7164
6765
6270
174
7694
9871
9292
8456
5838
3551
2258
6724
1886
2754
7359
7783
9345
353
7900
9755
7837
1289
2764
607
7840
3699
8167
7457
8625
9639
5784
287
1160
4940
7667
4506
6881
3155
2138
3085
1773
5701
7042
7949
9450
3962
3026
2704
2212
4668
2620
2723
8059
6171
543
6791
1751
5698
3772
5739
1545
6890
6359
9664
4804
30
1825
3433
3644
2398
8724
1473
7486
887
7310
5730
6176
115
3793
1891
8042
2814
4298
3490
6725
201
1905
1298
2227
7234
1376
6198
16
2947
4328
527
231
5513
7568
5906
392
8568
2192
238
3016
4414
6413
6508
3705
4485
1429
5463
4668
109
6238
4175
2900
2682
7129
7641
1389
9065
1357
7593
1485
8568
4978
739
2041
3015
4378
7213
4539
1002
8263
2553
8099
5264
57
1362
6988
4249
9206
1797
7921
8323
8559
7075
3423
213
769
355
3820
3936
1977
557
5640
6275
6796
9188
8995
4446
8550
1124
2352
7402
320
4317
9400
4407
6296
1549
3218
8341
1900
293
7793
8439
9270
3589
8446
3300
6111
5002
1032
1040
9389
8665
8250
2491
5311
5788
2316
9864
4267
7740
6172
1
8789
751
510
9257
8307
4661
6737
9602
254
1374
8437
5120
8732
8062
4202
6974
7948
931
5930
3247
6561
7366
5626
8168
2019
1472
7388
4076
3602
4576
7817
2167
60
2570
9181
3680
9921
4001
8595
8169
6518
6488
3699
552
5191
9478
4698
1867
9808
216
3881
8183
4349
2283
160
2626
9920
8203
3756
8338
979
2085
3486
1797
7567
4276
5630
6290
1788
4746
4224
9776
4442
8108
4358
7830
9247
5924
4486
1443
1186
9793
7181
9919
1496
8145
2020
785
7981
8962
659
354
406
9830
7155
689
5172
1397
4232
6617
2442
6711
6830
2993
979
6962
883
9266
6622
1200
9734
7534
8620
3781
5055
1742
9100
2624
4687
4861
2211
7760
4265
7044
2082
2009
577
2405
1011
2182
9059
6172
8309
2657
167
9218
120
337
5140
9156
8154
8212
6083
2036
4612
2861
886
622
607
2495
4952
5438
6283
6859
438
80
7488
2998
7119
7176
4726
2511
2808
8451
2627
8911
8531
5453
4595
1010
8688
8244
9805
37
788
6909
7635
1505
522
5510
122
7479
2920
5932
9211
5083
1971
9278
4297
4582
2389
9761
9155
9911
8942
5094
2061
282
7832
8761
330
8316
5552
3722
2653
1630
8882
2481
433
9672
8435
110
8564
6399
6469
7055
4907
6746
279
1974
6994
417
843
7754
1412
9543
9549
796
2858
7914
3456
4573
3063
4312
8378
4767
131
5349
8707
1913
7253
1114
7098
3502
7511
1024
2329
3424
4325
9949
4779
6416
726
1566
7482
9882
111
6518
877
2863
6388
5894
2402
5619
6192
382
2280
7001
3558
3730
1921
8427
8313
608
374
2286
889
4993
9468
4181
2687
1055
9045
5605
7452
3734
7850
6633
7069
2509
7175
1655
1905
183
2215
226
5693
6165
6530
5265
3840
8414
724
848
9795
6722
6288
2278
7748
9355
8469
9607
115
2981
8047
6219
5323
32
801
5167
3909
7444
8546
2906
8250
4148
8214
7858
5208
9557
2863
848
2535
1217
3394
6369
7692
743
8095
206
5022
4262
460
1743
4839
4138
4753
4156
3772
981
8505
7172
9921
2274
327
2641
2151
8566
1799
6971
8183
9480
4407
7020
3556
1362
453
3940
8428
520
7675
7551
6463
8345
4345
2067
9988
6724
7985
62
1191
8973
3673
7168
4199
1743
2012
5028
2688
6084
7682
2693
8500
1411
3986
735
3167
7178
9573
6419
5467
4924
2140
2239
9249
6572
2340
1053
5729
1195
1801
2731
4484
3807
2330
811
9040
6084
7259
1755
9596
6759
8352
1912
9845
3553
1353
3695
5520
9936
5128
6725
2704
6620
7227
1415
7370
4089
5510
308
968
9032
1649
8473
2283
8227
3810
1053
1012
2089
2188
5423
9429
822
9608
8188
6339
3431
3186
1286
7118
2781
3112
609
6613
992
3903
8672
5476
677
7159
1503
3343
8275
8207
4514
4499
8546
2459
3678
2651
7573
9845
3382
9393
7610
3331
9610
6373
4064
5864
8106
2355
6264
61
6657
8560
9983
7296
9584
3333
7995
2205
4680
9231
2451
781
61
1702
4020
7005
2839
5228
5841
7440
3898
9049
6635
9175
4328
9845
2258
7152
5205
5205
1114
5821
9052
2490
3793
6695
6177
7526
3409
7810
9942
3744
6113
8370
9073
9578
1312
8414
9982
7057
3989
6341
2753
308
4816
110
7167
9849
309
7284
1150
301
1627
786
4810
5547
1952
1083
4153
830
623
9981
4689
9034
7604
9671
888
3400
1727
969
7692
6880
136
5914
3877
5740
946
5184
1944
6522
9842
3419
9885
4627
3346
3123
1011
3610
1169
1908
9506
7303
6286
8039
2993
452
3525
7539
2361
1863
5672
7795
3082
482
6194
1385
1485
4727
1224
1219
3609
3200
5201
6878
106
7518
8152
9849
3103
4064
7487
3707
835
9959
8918
1847
686
9320
4268
4526
4028
3249
2036
7029
1631
9615
9564
442
5168
79
6491
5585
2716
259
57
8676
5261
3432
5332
1290
6598
8566
7968
4551
2563
5863
1678
6277
4736
6764
8480
112
3945
5420
6043
2888
7186
4766
4206
7699
7576
1418
530
1730
7112
8507
803
3989
6942
4711
1583
17
2608
9202
700
1136
1724
9967
7902
585
2175
7113
3065
706
5544
2433
324
132
5357
7929
9567
4702
3964
6257
3462
6412
244
8559
7622
7689
8725
6052
1008
2979
5077
5101
9260
4318
5637
2343
5568
1804
100
6199
7024
6875
9778
2392
456
4063
2887
2598
8888
9922
2644
9995
5583
4169
1162
1464
7259
4345
3402
7271
6816
2138
782
4126
6552
186
2534
950
7289
1973
6741
8589
6541
1652
4045
4057
5582
8835
2119
1006
6432
8760
72
7618
4596
5616
1745
2542
9178
9916
2982
536
7926
2765
9329
7343
8199
8987
9863
3334
324
1980
7627
7589
7127
9459
2194
8540
559
839
9927
1353
7488
6310
7456
1996
2846
9146
1169
8617
6634
2827
5919
1438
2363
676
5927
5622
3617
2362
9824
2157
2103
8794
3887
8005
2551
7186
58
2072
2114
8084
4318
3343
5600
1831
6916
8354
7316
1998
2514
2481
6675
2892
2654
6850
2791
7768
5849
268
8784
9950
8297
7972
1930
1622
2247
6150
7604
3113
4379
8774
7152
6353
6132
8183
871
8736
861
9804
2399
3652
6156
5661
4607
2393
4540
9836
4817
9248
2733
2393
2393
7247
4843
915
9286
8520
6733
1536
871
751
2190
2350
4448
1974
6273
8586
1661
8443
7073
9042
7126
7972
2535
6726
6755
538
447
3044
5922
2564
7517
8005
9703
7749
9308
4545
5523
857
9735
3482
9192
5003
8668
4392
7419
7355
1245
465
1819
5455
857
9419
7938
1063
5995
7444
7706
693
2929
1474
993
2317
2272
8455
4224
809
9685
9240
9400
5008
9247
1742
7662
472
3740
8844
6889
2681
385
6769
4521
5044
1198
3873
8682
5108
2640
8319
1370
3156
3753
782
4023
2578
3597
5528
7724
3778
3183
3262
4318
8965
556
7570
5170
3147
1013
4769
3857
6983
5859
885
8430
1107
9062
5994
2311
5604
2478
4127
1611
686
1134
8975
4716
3499
9230
5281
1300
5400
4528
7228
3852
2961
4549
6495
7163
4254
3313
9120
1196
4302
2668
8772
6003
4467
1866
6191
257
8589
46
8380
4390
4668
5274
3646
4647
1312
4202
6968
8768
1348
6594
6874
3451
8843
484
13
9041
6409
8215
1201
6417
1988
4181
4053
719
8412
3475
8295
4751
649
5478
557
8386
1717
52
5811
32
7258
4681
6885
7735
4221
4235
8592
5970
3467
2144
1124
2766
4690
1439
5436
7209
6243
1060
4625
1547
7623
2504
188
3738
7216
48
1643
3305
5377
6868
6070
7264
4192
1363
7298
6834
9083
4293
5589
8906
2537
4449
6027
4088
8339
6225
8601
3131
8275
9570
9888
9551
2011
8480
5940
9801
5960
6786
6894
5408
7817
5266
7375
9071
9979
544
1973
8488
2391
7287
8963
9931
3998
2383
3500
4247
755
2261
2592
1152
5370
8808
7978
2978
112
5685
6441
165
6171
2630
4766
9217
6435
6774
6101
6660
3026
2424
648
610
296
185
2160
3052
7409
3762
9981
1044
7803
147
2728
5648
2594
6237
2999
2173
159
9310
465
9461
2145
9042
7986
276
5562
4904
2673
7576
589
3427
4561
4903
3110
242
2053
758
107
2003
6183
4999
2273
8003
2842
2866
1091
6616
6094
199
78
2067
9141
1426
4256
5856
5252
9617
915
6848
8171
2306
468
6649
1992
4096
3609
7324
6793
4640
5507
584
1554
8727
5583
397
5726
1998
5315
7539
1608
9449
4728
348
1484
8276
6194
8503
6762
366
3448
9014
1563
443
8240
2483
6119
1941
1498
8814
726
931
4801
1354
2581
2029
9917
8345
3756
4110
7500
7733
2621
7802
3122
4225
1632
8562
9422
9711
1453
5606
2736
2563
5865
1755
5560
6919
2693
5981
5104
1312
7778
3270
2493
6225
650
2336
6082
2080
1659
2135
5957
454
9253
4163
3974
4058
535
8245
8717
576
2533
7743
3587
4029
284
3417
7396
8782
665
6481
7988
7866
4231
2706
3632
9942
9719
1497
1814
8280
2053
1956
9543
94
7592
8459
2923
8351
5338
692
7702
2258
6409
4674
2202
3005
846
1709
3725
2497
3260
264
637
7973
4251
7695
2113
2847
6949
687
1777
5610
2672
8555
425
5573
9694
4411
9769
7592
1
6680
2241
1517
995
8086
1708
9996
4229
8624
6138
9782
6902
7947
467
3111
9894
5796
6840
8118
3772
4875
5868
9183
837
2628
8547
9715
1886
1227
6777
1485
6372
8856
4278
7945
8473
691
465
1952
3930
5258
1235
3495
5055
5633
6286
8441
2802
281
30
1762
7587
4516
2606
3325
1756
1208
9933
9872
6465
7442
370
6183
5882
45
1838
3966
4228
691
2690
7811
9636
7346
4465
3787
1614
451
2135
1107
9733
7992
2746
5386
4532
1091
207
1582
1292
8735
6688
1764
2767
4313
3901
9820
3389
7710
720
7604
7916
5612
7830
5724
2317
801
6283
9177
3052
6089
677
238
2569
4246
8292
664
2245
9872
3816
1177
2127
2592
3155
1175
560
9655
7648
1446
3331
1188
37
9715
5161
8470
2261
7522
6363
8943
3225
8251
738
1722
2576
3104
1076
3470
6052
2099
2639
4386
5503
6853
9291
9267
5294
2258
6651
6773
1589
395
2501
2759
2212
1220
5858
3306
984
2559
1287
6963
5140
2424
1381
7550
4353
7267
4607
7493
4259
2563
826
4722
7039
1500
4009
2658
6842
1995
3818
5530
9860
4149
8346
3806
7445
8637
5872
720
9766
5562
6185
4693
9651
1480
3824
334
527
8430
401
2790
616
4992
654
919
4349
2757
1553
1299
2078
1900
803
1279
6291
2170
7900
5890
4784
4087
2572
1263
7463
1547
809
2142
462
9731
5018
9554
1474
9816
820
6007
9980
5154
243
7882
3059
7480
5083
6670
1362
7387
6159
5932
8876
3140
6081
7978
1054
2523
2060
351
3699
9210
1727
3958
4589
5393
6810
4017
5571
2795
3342
128
3910
4417
9216
467
2952
6205
2878
6588
5599
3938
1638
9656
8070
2186
163
911
9158
6192
9176
3354
3955
3695
6162
9428
4057
3978
8089
5252
2585
9022
5032
9387
5582
9749
398
7321
3509
8684
1108
1812
6236
7095
4959
3644
2954
6420
2536
2936
4240
1245
266
2197
6174
2130
3691
5249
2505
6598
3711
1347
6444
8297
3610
6045
1484
2646
885
884
1137
9421
8291
2207
801
3540
884
7343
607
9402
3481
9710
8596
8364
3176
4299
5229
8091
4547
2756
1350
4429
5572
1413
6308
2403
9148
3617
5881
5740
3741
1853
6404
3832
2532
3349
4599
4480
139
6762
3965
8371
2861
8761
3995
3828
8955
3634
5686
4370
3007
3462
9782
7016
6000
2818
2730
7878
6837
4716
3580
7263
6301
1948
2342
9318
2591
7149
9013
9490
4957
3396
3965
8089
8430
7792
1053
2284
5691
5202
740
2976
4010
5215
8611
1197
1594
6723
5957
9402
1455
6601
8238
9976
1871
6680
6144
9725
9579
8464
3203
980
6306
2534
165
4228
3058
9148
928
5678
7440
9492
1580
2363
379
4342
885
4949
460
9776
3166
6405
3968
3934
1285
5005
5257
7050
1929
886
2497
1253
5178
6957
3889
487
4591
4442
1970
9812
8094
1553
9762
3552
8024
204
4521
740
8498
3545
3900
2416
5692
2000
9393
1555
4699
9080
2772
3386
745
2314
9930
2421
7952
2725
8916
7360
3427
5604
5510
4177
4798
285
1416
2685
2351
620
1197
16
6660
7855
259
1644
4567
6819
634
641
6536
1759
3928
5967
569
8271
1116
3512
624
1956
1329
3209
2552
1034
1910
4042
9369
618
972
452
1001
2481
1359
9650
5587
4353
1080
9947
519
9638
8482
848
5394
9900
5277
7169
1840
6703
2112
5173
2831
1154
9809
2953
2006
500
1753
5848
3445
8593
196
9740
111
8341
4471
1764
1573
6806
4949
8070
5669
1218
3315
5399
3187
8726
9338
2089
3622
2000
2397
996
295
2424
1772
4233
1525
1291
7977
7906
9212
3080
2361
6158
9976
7199
8956
5884
9764
117
3648
3317
7368
7069
3395
463
2370
1828
7368
9615
212
540
1037
1982
3743
2396
1674
8480
5006
3301
1404
8705
9398
1320
9474
9105
588
38
56
8946
2008
3720
466
1247
8824
8081
2107
9615
8712
4560
4895
9658
4529
682
2214
5467
2751
4375
1635
5383
1576
2252
7979
4141
42
617
5049
9006
6099
7060
897
2527
71
950
2963
5677
1246
8196
7955
8304
8524
3409
647
5923
7493
1698
2465
7266
4672
658
6350
5653
6219
2006
5997
1981
3264
3876
1332
7309
5894
2144
4192
75
2427
2439
9131
9750
1
6736
6259
6617
1430
463
392
4833
5880
4844
1750
6764
5705
211
8180
6563
9152
2877
8876
7402
3424
6831
6540
6485
5212
3922
8844
749
1931
1651
4002
9330
1849
539
1298
4819
367
5106
3098
4909
1699
591
4077
9057
4290
9300
9293
873
4750
2696
5150
5755
9267
8052
5929
30
1758
4706
2271
45
6448
4882
1343
4075
8783
2895
5866
7814
1581
2322
2004
7390
8349
8629
4109
1112
7716
4251
5057
2366
4317
206
8477
8729
4544
8937
723
9698
5699
6024
3616
3637
4384
9564
891
7431
4185
771
1713
5145
3562
2695
3551
4541
4463
2326
8863
1769
3814
2530
5112
1386
6085
8905
7631
3723
3551
3720
8114
3798
5827
1388
534
4602
5766
4889
6654
5566
1138
5887
176
3765
1950
6873
3987
5186
7296
7032
3244
8349
6496
6127
2297
8231
751
3200
6509
10
9432
2232
2333
8901
630
5222
9642
7895
2855
1185
1376
3977
2415
6411
9406
5265
7392
1104
9992
3636
6568
7316
4506
8972
1915
940
3725
5290
7634
9483
8590
1502
340
9904
813
9829
8293
9470
1604
5874
6765
1613
3769
9184
2186
6959
6517
8646
8312
1701
2518
764
8927
4194
5025
4701
606
4624
780
446
8519
6130
8012
9518
6043
6698
5258
2430
1159
9756
507
1075
3615
2163
4048
426
7082
1363
9899
315
1982
8878
1252
161
2414
7898
9531
6777
2577
1507
2510
5369
2117
5197
4029
2787
5779
9245
6108
9113
4037
5385
4489
2371
1141
1660
6703
3503
5128
2671
4138
5785
3451
1845
7387
4748
300
7877
638
5543
4988
7677
7771
7219
4068
7956
2714
1908
406
3169
9771
542
357
5947
5108
7114
4856
1761
2188
8009
9578
379
7864
3512
6614
944
8083
2932
7249
25
6083
1520
1704
7590
1386
9717
6940
4896
6331
7658
4091
766
6926
2868
1553
9180
6277
8991
8047
6952
4160
9021
2315
8735
3133
3823
7607
2121
2004
6914
7622
2224
5954
7099
972
8534
9685
7607
7462
5719
1192
2684
3243
6092
6990
1572
2145
4802
7028
1867
82
7323
1618
5414
7680
2899
4355
9990
4183
8614
9318
7150
2706
6032
5459
2081
6049
3397
4962
1120
4825
6578
4264
2579
5884
7107
5347
4853
7419
1751
1513
1477
6410
8561
5692
4314
9715
16
5520
8854
1869
2033
6160
655
3485
4995
2158
6442
3502
5131
3786
4281
2382
5610
7637
9270
585
6300
4421
3008
4057
8177
699
6502
7486
881
84
9409
1083
3676
1278
2967
6737
4049
2939
4397
2336
9104
7034
2029
5979
2288
8692
4905
3179
4629
2981
7630
3687
7293
7068
3516
5667
5914
4516
1957
2614
8405
4467
7108
6912
9457
5859
2289
940
1933
3264
210
4098
7566
5121
2563
3904
3485
954
1833
1658
7436
2625
4403
7616
1007
3183
8722
15
8777
6938
1339
6106
2548
4481
3147
2027
6613
6920
346
7172
8559
7780
2643
5003
8807
2105
243
1014
8472
1650
6624
4723
4280
8480
9276
5339
3963
1400
8154
2871
2566
9830
1712
1123
326
38
8749
2643
9154
6164
1917
5908
1326
338
4507
6516
7698
8795
838
7124
1531
3989
167
6204
4624
348
8274
3136
8279
3549
3435
3090
3993
176
3083
8600
1587
7018
6163
7440
1999
8721
5344
9233
4306
1825
5167
1492
1095
5582
291
7058
2540
9291
1606
4095
7147
3147
364
7832
6141
1271
1678
7529
1754
7311
101
2786
1779
5572
1428
9259
4819
6533
4683
4245
3331
6328
7786
2483
9534
748
1955
1721
2517
3772
1108
8851
9747
4151
3619
2330
5331
6638
1018
4435
6529
8461
2053
4008
878
1821
1609
5098
968
4969
3096
1351
2601
6672
5474
3433
8303
3227
1054
8096
7004
3456
2633
2321
3999
5750
1822
7310
6467
8761
616
1752
9910
3200
2868
7602
5532
3389
2025
9960
8549
3445
1148
4271
1916
2721
3439
6287
834
3236
8523
8175
4379
334
2862
3280
6231
8225
7862
6765
2995
2722
6191
4352
8241
8993
2185
7752
6917
6636
1789
1930
3810
7569
6817
38
1141
307
9611
8844
3615
9951
8867
7263
6921
2368
7803
5736
3683
1439
2035
7997
1197
2335
3416
4036
4314
120
445
6419
1810
6658
5501
7098
3287
9764
2719
6227
202
1230
1243
6904
5742
6596
9533
9510
5902
4556
1720
2321
1115
3146
9276
8857
5720
153
58
6763
7369
9821
3799
8874
2585
2822
4320
2943
4428
344
1646
959
2932
1561
5546
2124
9368
4283
2610
4079
9265
5098
9899
5364
6967
3448
1930
3270
8508
5768
9374
3725
8631
9847
3040
933
1684
7697
431
6642
6665
1971
2725
5664
4924
6109
1821
4159
2019
2011
4825
6207
2252
3700
3119
6888
6127
3106
6980
174
7105
1971
5644
1971
5770
5375
3600
29
4377
5356
4273
2297
342
2430
3564
7856
5672
8418
2095
1290
8745
1133
315
1680
166
4337
4250
3078
2699
9696
1587
120
4655
292
1403
9316
2908
6701
5550
297
4306
6908
4543
942
8859
161
5340
2823
9202
768
4950
4259
1040
5353
623
9593
6679
6952
8885
9813
2771
1450
2014
5901
1598
3761
8516
6664
8915
9241
1907
257
7941
1132
9264
537
8225
7651
4941
9163
672
9711
7226
7972
4082
6263
1934
6819
1064
7458
6407
7133
1648
6183
238
9155
9510
2451
8798
152
809
5227
9254
6206
6284
3843
1949
5969
1966
814
8358
6022
9772
7766
4020
7029
565
575
2304
9076
7119
6039
1688
4774
2776
2369
1802
2069
31
1330
6162
5611
8660
315
2656
4983
7006
2360
1598
1822
59
7912
1760
8624
7325
6191
6988
188
1331
7352
9964
2630
2549
4383
1698
9401
2661
5294
5195
136
4866
7942
7239
7497
5150
5280
3512
9508
2306
7204
2074
4072
1697
9562
5954
2735
6987
7744
6041
8675
1971
779
555
1521
2354
7377
3354
1837
3181
3671
6313
6630
6853
262
2454
5499
478
4947
6167
3246
7218
3167
7193
1160
5286
4268
9157
4669
2478
6690
2116
5105
60
160
1588
5868
7135
6951
2907
5370
3738
5795
5691
3670
3361
6075
3255
696
4060
3100
6837
204
7909
3777
1796
1221
2916
118
1456
4049
349
3260
7172
1791
8552
9919
752
9103
7554
999
9323
7449
7410
5084
5738
1152
2895
3598
4881
3864
8992
4803
9145
470
5075
1298
51
8247
1426
8623
348
3812
2754
9192
1426
7972
3454
9600
7606
2434
2645
3386
8130
2449
9263
72
1805
9517
4021
5316
5293
5475
354
1312
1356
9140
548
9497
6077
4230
8567
5345
6273
4668
7444
4956
1654
9816
1686
1099
9119
382
8734
7784
5881
1674
8040
4417
8349
5284
8141
2456
1778
162
9674
698
9141
159
3456
879
3323
8091
9613
9266
3238
8948
2236
2529
119
419
6616
1431
9667
6314
3287
5528
152
6124
4469
6893
7233
5517
9486
4977
9881
6716
7696
8922
5581
782
1295
3916
6261
7374
747
1723
964
8449
544
2623
2877
2574
3596
8269
5497
5838
1063
4996
1238
8192
5726
1397
3266
593
7887
4342
3401
9162
4380
7064
5627
3274
1626
1352
2082
2085
137
3635
8274
6589
5849
4686
7009
3232
9963
3333
5801
642
2421
3298
4300
5501
970
1408
7592
1431
6010
7984
2699
147
6134
8556
1640
8745
4839
203
7306
4698
2399
9348
9705
7327
9999
9670
619
6274
3963
1767
8876
1263
3323
9051
7217
9836
5811
1064
1530
5031
9350
375
854
7551
8582
1950
6156
6085
6927
2380
3942
6308
4133
20
3360
5167
2139
7262
66
8042
8597
1066
426
7709
7024
4071
6126
4372
2305
6851
3809
633
9003
6419
275
7878
9333
6453
814
262
9483
7908
558
7708
8387
7469
288
5158
2547
8655
8271
3506
546
3848
6331
4370
7916
7214
3723
7517
8954
378
5028
4630
3361
828
8858
2865
6905
5323
7430
4018
4161
8939
1209
6616
4657
3093
1713
1195
6033
8241
873
2866
5704
2311
4341
7880
455
535
959
9071
1783
8373
8732
117
4720
5977
1058
5639
4571
2470
2461
3411
2683
201
3744
3218
4423
8948
2426
9414
8539
7452
73
480
1953
9312
9619
3718
6393
363
2578
1299
7728
2684
4800
4575
9904
4052
1284
1792
2052
2463
7003
3345
671
2390
4266
9090
2846
1140
5699
4800
3307
6456
1863
4870
851
59
1963
7908
4154
1762
1582
624
2941
4742
8825
491
8569
5971
1575
5541
8283
1149
2327
962
5511
2170
5440
2735
9836
4731
3909
5648
4711
1388
4954
4252
5944
7647
8582
7019
1154
1300
1992
398
5559
9405
2734
6433
1507
3087
5620
1869
8647
7802
1578
9488
5722
476
5418
2353
8987
1603
6840
8030
4425
9890
7387
6536
9990
1990
1323
930
1482
8745
6090
3670
7396
8343
4168
1513
9574
9327
4738
6080
7746
6812
8076
8226
9887
4213
6143
304
3105
3218
8915
4099
6952
1104
9921
3796
2199
6422
9442
2834
3752
905
5484
4879
2254
3885
9871
2620
923
9053
2970
7014
2163
4924
4244
1489
2192
4557
7816
4181
4216
7233
1967
3782
5164
143
9876
5032
5458
6632
4069
6465
2181
7787
7270
929
379
7942
1226
1025
7608
895
5380
9368
9394
1234
5450
2436
9652
5884
4428
199
790
8119
5236
5855
1997
3622
2830
6170
175
7892
2041
8873
3818
6440
4031
5653
1237
316
2562
7472
8983
9454
823
302
1686
5494
6167
4771
9347
2377
8228
4270
6053
8238
9833
1334
451
2431
917
5604
438
3362
3769
4882
1309
7112
447
7042
3507
5925
78
8786
4462
834
3644
1134
505
7040
6579
9975
3957
3118
5255
9234
4140
2300
9814
2852
7430
7888
6225
349
9551
6857
5371
930
136
1555
6687
2784
5084
2043
7383
638
4599
5411
7514
114
994
327
437
8374
4530
2529
2574
7628
1170
138
5572
3584
1598
8355
5707
2654
7266
6243
2071
8467
1377
5793
1175
264
7546
1060
9956
8172
8
3992
1594
721
7514
469
9974
5306
9410
5467
2736
6148
2481
9472
443
1715
2755
8158
3499
8925
5319
2806
9270
9485
642
6281
6126
5489
7220
489
3454
917
6907
7195
3299
2291
6407
6624
989
2187
2542
8292
4854
8416
9856
374
2402
7043
765
3129
5832
6964
9126
7419
7008
4822
210
9284
4781
2467
1346
5729
8173
6176
6039
3298
9374
9393
7698
4144
7763
6512
7932
8868
1832
7754
1527
5267
4066
4378
1093
606
1659
2571
8855
6074
2732
328
4121
4266
4171
1062
7452
1766
9048
9029
4820
3158
9282
754
3395
2431
8144
785
725
8258
6525
4409
478
4465
2691
7376
9265
3891
6491
7401
8355
2650
2995
3466
4783
2195
4049
1907
5674
8702
1192
3404
5194
831
9048
9263
4723
4308
8459
6358
594
7335
1117
5558
605
3398
8476
4700
6410
5026
1329
1110
688
3381
2828
3941
203
2775
3495
5953
9204
4530
8820
1006
1936
6340
2952
270
9352
2182
8604
6824
8345
171
8818
2535
3324
9851
7957
1094
9257
321
6500
4746
903
9617
832
304
8455
7213
9844
7689
2147
9594
9093
9618
960
9519
6297
3289
1403
6350
4189
158
2084
2342
1089
9142
8196
9496
615
7382
4596
4824
5053
6286
4961
7831
1319
6115
443
2687
5920
225
5053
2126
1042
2033
5474
7862
5412
7528
6981
6692
9923
9344
8281
5392
421
571
2299
4820
5034
6628
2053
9553
6595
3401
3572
4079
4936
9318
2669
3411
6644
3603
5995
2709
1108
2658
4284
8674
7648
6353
8637
3744
3465
679
3474
7904
324
1709
6394
4505
5509
745
9619
7027
3456
5155
6666
608
5275
4562
7238
6802
6888
7559
1190
1513
7602
909
6263
2459
4150
62
8138
393
1572
1002
7030
1664
8102
9908
7690
4045
5441
4957
2581
1269
57
8613
7850
948
569
3646
6318
1780
851
5988
8836
4896
4549
5050
5883
6761
1550
4183
3702
1881
8415
3233
6684
2726
9316
8376
8145
6825
2869
5030
4597
7808
6312
3925
9948
4817
6458
611
2141
6000
5454
8018
1886
3267
9541
5586
5985
6787
271
7330
8296
1334
8336
836
238
3115
7782
1090
633
8581
8778
7278
9386
5372
389
2014
7767
1520
7685
2807
8076
1391
6945
8633
1437
7689
5881
4636
3935
323
1761
8889
5800
7001
7551
588
5555
3591
1107
5112
5544
169
487
8556
6268
4193
4247
5189
2565
9945
1939
6436
7553
314
7059
5281
6104
1580
8746
2096
8238
8351
8493
6867
2077
9482
9686
4272
1635
1953
3460
5509
1416
7564
1029
4569
7395
1542
871
7156
2045
2404
8780
2706
4070
4935
1324
7875
5414
706
719
1175
7463
7824
6731
8969
2209
1728
3002
8057
4774
9203
1728
1502
4304
4632
5308
8796
7751
2357
7037
9618
5895
3560
7943
3367
2257
622
757
4951
881
4261
3489
8392
240
5501
5458
9826
7723
117
3173
350
6868
5075
3824
6477
3944
4819
99
8029
7920
4148
2240
5672
251
7662
1036
4557
1276
4249
8470
4739
6000
8251
7223
8043
3571
8576
2987
3766
6595
5071
3279
8407
2645
3578
4219
6281
6519
9462
2355
6836
5782
2092
8072
2573
465
2383
9844
9115
8654
6958
4758
5169
5179
3805
8426
505
55
1279
5885
9277
1554
439
8272
4492
2434
4688
2874
5387
2967
2248
6435
8634
354
8404
3310
2809
1105
2209
5255
4266
7518
327
9246
1096
4810
7170
3778
9465
6820
8276
8977
1776
9006
6885
511
9718
6625
2652
9077
6266
671
4755
8572
7382
714
4038
1594
7492
420
6748
1100
2241
8294
202
2581
1537
3269
5252
1830
6387
4897
4037
879
6374
1808
8496
2532
2972
1211
7688
9299
2782
7927
909
5173
4816
8775
5912
2051
2967
1408
9034
316
1352
2541
6704
6436
5203
2612
9001
1310
8815
9848
6234
8462
5111
336
6178
3208
9222
2249
1514
4877
2959
551
6992
4519
1521
2050
7988
6530
6969
750
6145
1550
7688
3579
3152
5202
7734
6879
5562
5588
2070
2832
4045
5158
4188
3111
8721
9891
1213
9697
9051
9866
54
3576
2706
2298
5856
8113
4656
1743
6930
4343
5818
2555
6183
4168
4372
8136
8930
1022
6127
2669
3087
6145
5381
2656
9500
3403
2806
3500
7768
2509
7795
2115
5946
176
1803
1605
6725
142
117
9889
4443
2833
8141
2954
6784
6060
3922
1678
1056
281
5312
7972
8275
3843
2425
5364
3871
934
4697
668
8255
771
138
7727
4980
3816
8693
2944
1881
4143
6234
5888
3563
7782
1090
852
8280
2143
2403
1595
535
5273
4548
1551
5657
3887
562
2553
7054
1870
8546
9898
5355
173
3815
6599
8426
6104
134
5924
1315
1726
4681
9525
2506
9965
2225
5153
4473
5369
5311
4680
7951
9668
8693
3638
1033
8763
9448
6216
8496
7133
8088
4335
9523
3698
1460
9651
4486
6169
3544
329
2171
1794
5864
3304
3649
9373
6993
3240
778
4291
3486
3212
9121
9748
2185
3570
747
9328
4706
2137
6269
5786
485
4530
63
2697
2743
8826
5520
6817
385
6118
5530
7155
624
752
4599
752
5964
1602
2083
291
967
3264
1252
4847
9049
859
2760
9270
6234
1587
9214
4413
2479
5676
1288
8588
1609
4324
6350
7306
5546
9588
9623
5144
2377
6422
1588
4221
2056
6902
7661
354
4996
7467
8480
2447
9500
2424
7271
5110
7126
2398
9258
6045
399
3141
9125
1154
9666
7370
3194
1643
3498
2747
7690
8699
7739
1425
3312
2956
8846
7677
4559
1529
2619
8406
1870
2010
572
4290
7792
6198
287
3427
6329
164
6765
4164
1742
7475
5561
5748
4732
4747
9371
6706
3515
3587
9293
9594
2628
8277
3957
2638
7601
926
9621
5225
4949
2218
7183
5424
3916
256
6285
1786
1747
5465
912
3393
3387
231
2216
2730
1034
6292
5107
2753
2499
3944
3897
1320
4855
3488
8439
9602
460
9563
2218
3627
2637
8198
3839
9435
8546
9530
2728
5610
3761
9860
4530
118
4389
7702
213
9842
7406
2397
3307
4049
9513
1202
9909
5252
3938
8341
5690
9329
4583
2982
6433
9269
9551
7062
8466
1802
9594
7406
8728
9596
3082
4941
5497
1032
2851
1000
2713
711
7775
2862
8923
3930
1046
2394
1658
1062
6284
7340
4231
4450
7498
2329
1492
7134
7234
2370
3041
950
3821
7331
3828
8391
1815
2589
2974
4706
7422
1302
3308
6143
8534
5006
2027
371
4129
7382
7744
4981
7997
3133
4934
7773
1742
4347
889
7695
4158
1361
5731
4407
8530
8352
149
8740
4527
7290
9545
5418
5596
5382
7093
9042
234
7063
7811
3221
3570
4399
7198
5962
9341
5888
3791
3980
4234
8612
6857
7983
8491
8797
1522
9876
1569
6815
7475
107
7178
3821
7378
3784
9879
5617
670
7801
5891
2016
6586
5272
257
6206
8862
6748
1973
2221
7450
2388
1366
7532
364
519
7026
3118
516
6933
4099
199
2630
8515
5424
3406
9296
7829
1623
7216
2141
1836
9913
994
1017
8418
8391
6697
4774
1108
8316
2429
9374
5264
5610
3579
8346
1614
7322
9210
3474
5332
590
6048
8406
8244
4618
950
4940
8521
4418
5449
5579
1586
6405
5411
8888
4734
7179
9833
1247
6601
3882
8790
8148
3974
8287
7593
2010
5837
28
1178
5204
9462
3293
7506
9098
4599
4271
3339
7375
395
9010
1190
6560
1284
3630
364
5871
3698
213
2407
3329
9044
2184
5570
5780
62
5724
3246
4069
7084
3790
7878
6706
8358
533
5013
507
3908
3591
6679
6478
9236
2847
8141
9396
3418
5085
4629
9990
6663
558
6810
9267
5277
8125
7943
8326
6945
7562
4274
3204
6434
1418
6310
8563
8458
6720
7377
1634
6290
3179
3520
20
1627
4991
2840
7134
1498
2888
4503
4388
9620
125
8265
7119
3163
769
3071
2498
5447
6752
2781
6829
9832
7112
995
945
842
8501
9007
1284
7354
8866
5632
3656
2633
5052
190
4328
63
8857
7192
4562
1506
4138
4830
8139
1590
7181
97
7359
6567
9558
8167
6632
3173
302
131
210
3999
4140
4373
5932
6500
7876
1230
2625
3653
3181
5158
7032
7439
4504
1890
3896
360
5597
7392
2320
7704
3048
1844
7094
410
20
968
7503
1682
4582
8368
3999
1057
6910
8012
1857
6919
7130
513
56
9032
2843
10
7271
7443
5499
4235
8126
7167
3583
2439
6694
7974
986
7586
3776
7255
1027
6249
1368
3302
472
7872
8912
5319
6162
5596
1306
7291
474
131
1429
4986
813
913
8572
450
4444
1853
876
9246
7719
3755
8725
1595
3308
4114
1826
4791
474
208
6124
2538
2650
6189
2828
6426
1792
2862
5264
89
8687
5947
7344
5138
1643
1331
3201
5093
6403
6046
889
6862
8174
1796
2916
8780
2020
9132
5255
2577
5105
1879
8403
7686
8262
1150
9821
9729
9777
5608
3451
1577
6702
273
6289
7753
5966
328
4924
8259
7830
104
959
4919
1195
3242
9741
6308
3293
6792
1494
7582
9441
4820
6341
9761
1380
4266
8009
2453
1100
5236
7091
738
4689
7405
9103
8502
4956
7032
6247
3397
4879
6530
5604
2960
806
1445
8406
9209
220
8766
326
1413
1313
6497
6810
6339
4698
3499
8937
3693
8361
1513
1679
5885
1439
5319
8979
7698
5871
1707
5640
9442
629
1508
625
706
9879
9821
2392
772
59
7638
8352
5856
9097
1669
5417
3254
1682
6024
3733
1026
6401
1502
377
3585
8209
6743
6997
3060
3743
6378
1384
1891
2321
438
2477
4212
759
1850
1147
8076
5297
7976
8364
7332
18
3463
9275
127
1651
1001
1412
60
8907
5101
8919
8663
413
5318
9357
9717
6915
6971
6654
1728
9658
6240
7202
8015
5709
6612
2854
9225
2582
797
9970
1371
3539
5073
4233
2073
9158
1270
3344
418
111
3341
6242
9735
397
9434
1843
4668
4275
9479
9972
6496
6504
7210
4262
2986
930
8788
9971
581
7187
3563
665
9213
740
2522
408
6298
7377
1655
3247
5292
2022
1782
18
6440
2969
3932
3662
2323
791
2727
7520
9227
3651
9164
2707
174
2540
352
8152
5061
5151
8491
299
3969
7709
4666
5587
7194
4719
6196
8266
8052
1030
1584
2190
9442
4327
101
840
4495
9208
5601
2523
3979
1588
1598
1167
8034
597
7186
94
1076
1139
1478
9374
624
6615
8729
2897
8482
3749
2614
9593
6703
234
2275
7904
7663
370
1211
4519
7642
8349
8127
1405
1366
7730
5992
4466
1360
2309
4160
4461
8056
2277
402
5211
7106
169
1999
361
2138
1197
611
1844
9432
4343
3447
9342
1044
3919
4216
9268
2860
350
7623
7630
260
886
274
1478
6189
2658
5588
8653
1993
1551
4057
5786
3214
7164
4596
8580
1161
9022
6340
6450
3525
8615
7524
4657
6092
1959
818
3702
1420
2356
7011
7861
5022
2326
8821
1729
2131
1638
4773
1573
1600
5481
1521
8658
6156
8631
2240
8586
5112
5040
5169
8269
9214
1617
2530
7969
4796
3939
3635
4327
9235
7590
2042
3035
9339
252
7991
7101
8970
3624
8922
8094
4917
6441
7252
2045
7782
9986
7948
5683
3502
2300
4451
8971
5836
9693
3786
438
175
6235
34
8301
1321
8124
4067
2825
5156
2560
594
7360
3897
5233
2541
128
2703
9273
3225
977
7345
1653
8638
1142
5172
777
5216
8117
2903
5268
7746
1959
9035
3845
3830
9602
8405
5502
4504
2869
9905
5768
1420
9091
5977
9160
8501
19
5047
208
7864
3911
8744
7369
8527
3277
7217
4607
482
3155
7334
1309
931
2862
6440
2539
5289
